6.712285429239273071e-02
-3.893649578094482422e-02
9.516184777021408081e-02
7.828325778245925903e-02
1.079216599464416504e-01
1.142827719449996948e-01
7.065452635288238525e-02
3.040719078853726387e-03
-7.688532769680023193e-02
-1.231519971042871475e-02
6.343149393796920776e-02
3.501096740365028381e-02
9.065738320350646973e-02
-1.380405426025390625e-01
3.612314537167549133e-02
1.831088028848171234e-02
-1.153595559298992157e-02
-1.053269803524017334e-01
6.691204756498336792e-02
4.790609702467918396e-02
-6.345885246992111206e-02
-4.407052695751190186e-02
-9.665147215127944946e-02
2.403079270152375102e-04
3.643644601106643677e-02
1.072449535131454468e-01
1.020102128386497498e-01
-5.336780473589897156e-02
-3.155549988150596619e-02
-1.229309141635894775e-01
-1.496412009000778198e-01
-1.115980073809623718e-01
-1.385008394718170166e-01
8.397411555051803589e-02
7.327433675527572632e-03
-7.645013928413391113e-02
9.848485141992568970e-02
-7.923661917448043823e-02
3.792422637343406677e-02
-1.242269724607467651e-01
8.383305370807647705e-02
-3.701338544487953186e-03
3.136624395847320557e-02
4.612138494849205017e-02
1.244728118181228638e-01
-3.089356236159801483e-02
-1.222418472170829773e-01
-2.141329459846019745e-02
-1.022954210638999939e-01
-1.541030108928680420e-01
-1.107566431164741516e-01
-8.708323538303375244e-02
1.080154404044151306e-01
-1.598725914955139160e-01
-6.617355160415172577e-03
-1.666083782911300659e-01
1.759345829486846924e-02
1.096904501318931580e-01
7.871403545141220093e-02
-1.473071426153182983e-01
9.655801206827163696e-02
-1.570232510566711426e-01
4.257671162486076355e-02
3.479388775303959846e-03
-1.140379905700683594e-01
9.765059500932693481e-02
1.639978960156440735e-02
1.035245507955551147e-01
3.313459455966949463e-02
-1.670034080743789673e-01
3.932313527911901474e-03
-8.167736232280731201e-02
-4.229267686605453491e-02
2.174947783350944519e-02
-8.951475471258163452e-02
-8.424686640501022339e-02
-1.358804702758789062e-01
-1.693550311028957367e-02
-1.786489635705947876e-01
1.123611778020858765e-01
-1.876733899116516113e-01
-3.759287670254707336e-02
-7.103037834167480469e-02
4.721522331237792969e-02
6.858743727207183838e-02
-1.988061666488647461e-01
-4.766759648919105530e-02
-1.595057994127273560e-01
-1.063379459083080292e-03
-3.311619861051440239e-03
-1.308665573596954346e-01
-8.899862319231033325e-02
-1.807889491319656372e-01
-4.887375235557556152e-02
-3.145331889390945435e-02
1.710668439045548439e-04
-1.926557123661041260e-01
-7.367762178182601929e-02
-4.850773885846138000e-02
9.554898738861083984e-02
-2.047974467277526855e-01
-1.986939311027526855e-01
-1.725347638130187988e-01
4.445261787623167038e-03
1.181716546416282654e-01
-1.360563784837722778e-01
-1.158821582794189453e-01
-4.927336424589157104e-02
6.514705251902341843e-03
6.356100738048553467e-02
4.261760786175727844e-02
9.277728199958801270e-02
7.712787389755249023e-02
-1.576228439807891846e-02
5.134627223014831543e-02
-9.487219154834747314e-02
-6.737428158521652222e-02
-3.151289001107215881e-02
-6.741123646497726440e-02
-1.068321019411087036e-01
1.152008771896362305e-02
5.850217118859291077e-02
-1.579635143280029297e-01
-1.020543128252029419e-01
-1.429102718830108643e-01
-1.281362175941467285e-01
-1.540449410676956177e-01
-4.778752103447914124e-02
8.922763168811798096e-03
3.384944796562194824e-02
2.587547712028026581e-02
-1.129594668745994568e-01
-4.422863479703664780e-03
8.600701391696929932e-02
-1.098125651478767395e-01
-1.707417517900466919e-02
1.615572348237037659e-02
1.109475642442703247e-02
2.584734745323657990e-02
5.693188682198524475e-02
-1.187089905142784119e-01
-3.067706897854804993e-02
-9.617556631565093994e-02
-5.416413024067878723e-02
6.645803898572921753e-02
3.463377803564071655e-02
-5.664466693997383118e-02
8.833102136850357056e-02
5.232064053416252136e-02
4.711934179067611694e-02
4.637583717703819275e-02
-9.496442973613739014e-02
-2.415017783641815186e-01
-2.244682163000106812e-01
-1.695232689380645752e-01
-1.151963919401168823e-01
-1.157004386186599731e-01
7.216077297925949097e-02
1.849271543323993683e-02
-2.174537256360054016e-02
-1.869815867394208908e-03
1.173767372965812683e-01
1.198479831218719482e-01
1.158047839999198914e-01
2.175020426511764526e-01
-1.005517691373825073e-01
1.468982100486755371e-01
1.991316378116607666e-01
2.430518567562103271e-01
1.559404283761978149e-01
1.030550431460142136e-02
2.661218047142028809e-01
1.669933944940567017e-01
3.460765182971954346e-01
1.475870311260223389e-01
-1.071975156664848328e-01
-2.453045397996902466e-01
-2.015202790498733521e-01
-1.736312806606292725e-01
-2.956869304180145264e-01
-2.277590185403823853e-01
-4.848919063806533813e-02
-1.663758754730224609e-01
-5.767891928553581238e-02
-1.311102509498596191e-01
-1.574570834636688232e-01
1.106439903378486633e-01
-5.852407310158014297e-03
-8.483985811471939087e-02
-3.794551268219947815e-02
-1.388220582157373428e-03
-3.757295757532119751e-02
2.829711437225341797e-01
2.621125280857086182e-01
9.334719926118850708e-02
-1.223694607615470886e-01
1.313279569149017334e-01
1.374302059412002563e-01
6.441491097211837769e-02
1.965201944112777710e-01
-2.261057347059249878e-01
-5.921132490038871765e-02
-2.033207416534423828e-01
-1.904885917901992798e-01
-2.545932531356811523e-01
-1.372800916433334351e-01
-2.376109063625335693e-01
-1.893389821052551270e-01
-2.105129212141036987e-01
-4.602650925517082214e-02
-1.057293787598609924e-01
1.060633882880210876e-01
1.468303054571151733e-01
1.161270141601562500e-01
-7.579305768013000488e-02
-1.688023284077644348e-02
1.155067607760429382e-01
2.792322449386119843e-02
2.696185410022735596e-01
2.211794406175613403e-01
-3.806859627366065979e-02
1.340348571538925171e-01
2.779007852077484131e-01
2.466008663177490234e-01
8.618268370628356934e-02
-4.851007834076881409e-02
-5.793207511305809021e-02
6.578469276428222656e-02
1.027702018618583679e-01
-1.358260363340377808e-01
-5.874099582433700562e-02
-1.391584724187850952e-01
6.698858737945556641e-02
2.605564147233963013e-02
2.197125554084777832e-02
-4.800436273217201233e-02
1.567353121936321259e-02
-6.437137722969055176e-02
-1.314389556646347046e-01
-1.576849818229675293e-01
8.177608996629714966e-02
9.839079575613141060e-04
7.052714005112648010e-03
-4.682138934731483459e-02
1.175303682684898376e-01
5.194966122508049011e-02
-9.596942365169525146e-02
7.266534119844436646e-02
4.203236475586891174e-02
-7.176004350185394287e-02
-9.839133918285369873e-02
-7.942389696836471558e-03
1.301270071417093277e-02
-1.060388237237930298e-01
5.518663302063941956e-02
-7.705985009670257568e-02
6.366134434938430786e-02
4.076590016484260559e-02
-1.262677013874053955e-01
-5.538431182503700256e-02
-1.575052142143249512e-01
-1.587743684649467468e-02
6.247102841734886169e-02
-1.170379817485809326e-01
8.099516481161117554e-02
-3.436266258358955383e-02
3.301381692290306091e-02
-9.852846711874008179e-02
5.294807255268096924e-02
-1.565332561731338501e-01
-2.038972824811935425e-02
-1.931630820035934448e-02
7.615923136472702026e-02
-4.239157214760780334e-02
1.556243654340505600e-02
4.474435001611709595e-02
-6.397297233343124390e-02
-1.837416589260101318e-01
-1.748532652854919434e-01
-1.209851168096065521e-02
9.509595483541488647e-02
-8.733994513750076294e-02
7.667857222259044647e-03
-9.622354060411453247e-02
-1.126566156744956970e-01
9.446904808282852173e-02
6.077141687273979187e-02
-9.940920770168304443e-02
4.887541010975837708e-02
-1.423979084938764572e-02
8.325766772031784058e-02
5.624050274491310120e-02
1.101934462785720825e-01
6.144442409276962280e-02
-1.613488420844078064e-04
3.961399570107460022e-02
-2.601600810885429382e-02
-3.991469740867614746e-02
1.972902566194534302e-02
-5.160674825310707092e-02
4.138237237930297852e-02
-1.451976001262664795e-01
-1.187355592846870422e-01
-1.179519221186637878e-01
-1.273962259292602539e-01
-1.890945620834827423e-02
-1.282546818256378174e-01
-9.432327002286911011e-02
-8.215682208538055420e-02
-6.618139147758483887e-02
-7.813508808612823486e-02
1.011699140071868896e-01
3.182576969265937805e-02
6.920096278190612793e-02
5.411141738295555115e-02
6.715728342533111572e-02
6.207955256104469299e-02
1.371198743581771851e-01
9.502058476209640503e-02
-4.587854072451591492e-02
-3.868832066655158997e-02
1.150904297828674316e-01
1.187294796109199524e-01
1.075515076518058777e-01
-6.671923212707042694e-03
1.264431774616241455e-01
-4.323267191648483276e-02
-7.654319051653146744e-03
-9.154736250638961792e-02
1.057912185788154602e-01
-1.091595515608787537e-01
-4.848863556981086731e-02
-3.973009437322616577e-02
-7.579983770847320557e-02
-1.183742210268974304e-01
5.861426144838333130e-02
8.220251649618148804e-02
1.002544313669204712e-01
-3.096199594438076019e-03
1.006702631711959839e-01
-7.586064189672470093e-02
1.653902046382427216e-02
-1.048448234796524048e-01
8.841575682163238525e-02
-5.524877458810806274e-03
-5.528952926397323608e-02
-1.553171575069427490e-01
-1.141778677701950073e-01
-1.367465704679489136e-01
-1.667417138814926147e-01
-4.892482236027717590e-02
7.040416449308395386e-02
-1.417420655488967896e-01
1.624315790832042694e-02
6.755758542567491531e-03
9.387346357107162476e-02
-9.520008414983749390e-02
-7.432248443365097046e-02
-7.615600526332855225e-02
-4.077401757240295410e-02
-9.538796544075012207e-02
6.175798177719116211e-02
-7.913558185100555420e-02
8.941929787397384644e-02
-9.784498065710067749e-02
-1.347981840372085571e-01
9.037896245718002319e-02
3.782388195395469666e-02
-8.334393613040447235e-03
-6.002439558506011963e-02
-9.818617254495620728e-02
-1.348136067390441895e-01
-2.385523356497287750e-02
-5.380639061331748962e-02
9.581444412469863892e-02
-1.199990976601839066e-02
5.040236935019493103e-02
-3.509233519434928894e-02
4.244313575327396393e-03
-1.595021486282348633e-01
-4.203225299715995789e-02
1.057611852884292603e-01
-5.211620405316352844e-02
9.808583557605743408e-02
1.299228332936763763e-02
-1.463446207344532013e-02
1.223037950694561005e-02
-2.279940247535705566e-02
-8.142676204442977905e-02
-1.085959970951080322e-01
-5.146636441349983215e-02
-1.968278922140598297e-02
-1.183297559618949890e-01
3.536191210150718689e-02
9.481206536293029785e-02
-2.838442474603652954e-02
-1.388307064771652222e-01
6.594228092581033707e-03
5.246767308562994003e-03
1.796604134142398834e-02
2.710069157183170319e-02
1.181710660457611084e-01
-1.885589398443698883e-02
1.129967197775840759e-01
-4.984269663691520691e-02
-5.855047330260276794e-02
-1.489906907081604004e-01
1.066751778125762939e-01
4.370894283056259155e-02
3.953748848289251328e-03
-4.802597314119338989e-02
7.842915505170822144e-02
1.139706280082464218e-02
-3.647861257195472717e-02
1.211648434400558472e-01
6.372172385454177856e-02
-4.158809408545494080e-02
8.454537019133567810e-03
7.143791019916534424e-02
4.553604125976562500e-02
-4.717109352350234985e-02
-1.716627031564712524e-01
-6.631282716989517212e-02
5.675072595477104187e-02
-4.078210890293121338e-02
-4.116459935903549194e-02
-3.724753111600875854e-02
-1.733361482620239258e-01
-8.176979422569274902e-02
-1.139046326279640198e-01
-1.734040528535842896e-01
5.945920571684837341e-02
-8.999283611774444580e-02
-1.669605076313018799e-01
-8.691519498825073242e-02
-8.115299046039581299e-02
-1.634607017040252686e-01
-6.265015155076980591e-02
3.688616678118705750e-03
-2.618880197405815125e-02
7.228621840476989746e-02
7.993807643651962280e-02
-1.418799906969070435e-01
9.762625396251678467e-02
-9.096055477857589722e-02
5.962913483381271362e-02
4.217072948813438416e-02
2.484700642526149750e-02
-1.663816869258880615e-01
-1.417502164840698242e-01
2.719257771968841553e-02
2.645255923271179199e-01
4.188683032989501953e-01
2.478611022233963013e-01
1.841357201337814331e-01
-5.954847484827041626e-02
1.965291202068328857e-01
1.786371320486068726e-01
1.233369782567024231e-01
-7.618478499352931976e-03
-1.982368715107440948e-02
5.888788960874080658e-03
-1.403186842799186707e-02
1.850159466266632080e-01
9.004347771406173706e-02
-2.661127150058746338e-01
-4.916061833500862122e-02
-7.702948153018951416e-02
1.417050790041685104e-02
-1.003335490822792053e-01
-1.857223659753799438e-01
-2.048040032386779785e-01
-5.857445672154426575e-02
-7.958734780550003052e-02
-1.456322669982910156e-01
1.650120317935943604e-01
2.669462263584136963e-01
2.435649335384368896e-01
2.900748252868652344e-01
1.423047333955764771e-01
9.188202023506164551e-02
3.167001903057098389e-02
1.605622768402099609e-01
7.214767485857009888e-02
1.554238796234130859e-01
-1.521344780921936035e-01
-2.865922078490257263e-02
1.368604153394699097e-01
1.767078042030334473e-02
1.016220077872276306e-01
-3.280290067195892334e-01
-7.367062568664550781e-02
-1.200988367199897766e-01
-1.380030959844589233e-01
-9.620830416679382324e-02
-3.412615656852722168e-01
-3.217776417732238770e-01
-3.381374776363372803e-01
-1.824048459529876709e-01
6.352744251489639282e-02
-9.921735525131225586e-02
2.241782993078231812e-01
3.270103633403778076e-01
5.377290397882461548e-02
-7.548417150974273682e-02
1.198292672634124756e-01
-2.553838863968849182e-02
4.370279982686042786e-02
1.779510676860809326e-01
5.187876895070075989e-02
-1.467296630144119263e-01
7.122839242219924927e-02
-1.019820943474769592e-02
5.554816219955682755e-03
9.354353696107864380e-02
-2.460862845182418823e-01
-2.821641266345977783e-01
-7.196291536092758179e-02
8.166822791099548340e-02
-1.499641835689544678e-01
-2.523137032985687256e-01
-2.704756259918212891e-01
-1.774479746818542480e-01
-1.447379440069198608e-01
8.057519793510437012e-02
2.827096879482269287e-01
2.552436292171478271e-01
1.669991910457611084e-01
1.132469624280929565e-01
-6.028193235397338867e-02
3.533679246902465820e-01
2.698071002960205078e-01
1.002623811364173889e-01
-4.534134268760681152e-02
-1.581442207098007202e-01
3.065932691097259521e-01
2.978985905647277832e-01
7.827685028314590454e-02
4.990573227405548096e-02
-2.014241218566894531e-01
2.711621522903442383e-01
1.143933311104774475e-01
1.752033978700637817e-01
3.117820713669061661e-03
-2.233454026281833649e-02
1.583520323038101196e-01
1.133663346990942955e-03
2.074969410896301270e-01
2.787846885621547699e-02
5.765537172555923462e-02
-4.471056535840034485e-02
1.353477984666824341e-01
-5.593504011631011963e-02
-2.297955751419067383e-01
-1.374350488185882568e-01
1.796515882015228271e-01
-2.776574343442916870e-02
-1.372338533401489258e-01
-2.440761774778366089e-01
-9.219017624855041504e-02
2.430806905031204224e-01
-1.282778009772300720e-02
-1.154739037156105042e-01
-7.567025721073150635e-02
-2.924271225929260254e-01
4.130828753113746643e-02
1.002250909805297852e-01
-1.648547053337097168e-01
-1.340130120515823364e-01
-3.126237988471984863e-01
-3.020182065665721893e-02
-3.264752402901649475e-02
-2.244841866195201874e-02
-2.173019200563430786e-01
-7.926792651414871216e-02
4.719109833240509033e-02
1.086029410362243652e-01
-6.933469325304031372e-02
-2.003453820943832397e-01
-9.546586126089096069e-02
2.570514380931854248e-01
-1.783310435712337494e-02
-9.959600865840911865e-02
-1.312219202518463135e-01
-2.299599945545196533e-01
5.998276546597480774e-02
1.403985172510147095e-01
5.134892091155052185e-02
-2.162083387374877930e-01
-3.518202304840087891e-01
3.832715749740600586e-02
-8.237183094024658203e-02
7.056863978505134583e-03
-2.030665427446365356e-02
-2.074429690837860107e-01
6.266842130571603775e-03
-5.646432563662528992e-02
3.467055968940258026e-03
-2.115170955657958984e-01
-1.538812816143035889e-01
