-7.550167292356491089e-02
-1.479143835604190826e-02
7.442125678062438965e-02
4.119233414530754089e-02
-9.006250649690628052e-02
1.141289249062538147e-01
3.542375564575195312e-02
-5.353421717882156372e-02
-6.719073653221130371e-02
-1.033366918563842773e-01
-3.527966886758804321e-02
-2.834812738001346588e-02
9.642255306243896484e-02
-1.164049655199050903e-01
-3.173116594552993774e-02
-3.292787878308445215e-04
1.318088769912719727e-01
-1.002366170287132263e-01
1.827876269817352295e-01
6.885025650262832642e-02
-2.089915610849857330e-02
-2.521202526986598969e-02
1.843690499663352966e-02
-3.183492273092269897e-02
-3.945412859320640564e-02
-6.803768873214721680e-02
-3.883681073784828186e-02
7.137156277894973755e-02
-3.189492598176002502e-02
-6.516745686531066895e-02
1.178977563977241516e-01
1.730258613824844360e-01
-4.192897176835685968e-04
-1.090737283229827881e-01
-3.933604657649993896e-01
-4.183371663093566895e-01
-9.428100287914276123e-02
-1.154691055417060852e-01
-2.895731627941131592e-01
-3.199946880340576172e-01
1.998886018991470337e-01
1.020425781607627869e-01
1.177754625678062439e-01
-1.583672612905502319e-01
3.195160925388336182e-01
-4.015586152672767639e-02
1.122828051447868347e-01
-2.789137326180934906e-02
-1.413116753101348877e-01
5.773337930440902710e-02
-1.282321214675903320e-01
-2.934389980509877205e-03
-4.588821902871131897e-02
1.200610473752021790e-01
1.639734208583831787e-02
-1.121572479605674744e-01
1.308450996875762939e-01
9.985809028148651123e-02
-1.115821078419685364e-01
-1.626641154289245605e-01
3.215558081865310669e-02
-6.151555851101875305e-02
4.020668566226959229e-03
5.361456423997879028e-02
3.324073180556297302e-02
1.001479551196098328e-01
5.780573189258575439e-02
-1.151932403445243835e-01
7.385969161987304688e-03
-1.294911503791809082e-01
3.774002566933631897e-02
6.537484005093574524e-03
2.873946167528629303e-02
-1.564723700284957886e-01
-1.514793336391448975e-01
-2.421685121953487396e-02
1.077533960342407227e-01
1.039125099778175354e-01
-1.349153071641921997e-01
5.694634467363357544e-02
2.465138211846351624e-02
-3.999907895922660828e-02
-1.494828760623931885e-01
1.100471764802932739e-01
-1.599702537059783936e-01
-2.722496166825294495e-02
2.158047445118427277e-02
-7.556686550378799438e-02
1.989147253334522247e-02
2.615292556583881378e-02
-5.169475078582763672e-02
9.456693381071090698e-02
-3.317060321569442749e-02
9.929967671632766724e-02
-4.905300959944725037e-02
-1.722650527954101562e-01
4.651079699397087097e-02
2.601708285510540009e-02
-1.085567846894264221e-02
-1.531992256641387939e-01
1.138026043772697449e-01
-1.979997381567955017e-03
-2.445311695337295532e-01
-2.666502296924591064e-01
1.775180995464324951e-01
9.798950515687465668e-03
-3.476169109344482422e-01
-4.066887199878692627e-01
4.410295188426971436e-02
4.315655305981636047e-02
-2.449596971273422241e-01
-3.969318568706512451e-01
1.330861598253250122e-01
1.126962155103683472e-01
3.790570795536041260e-02
-2.223536223173141479e-01
1.559935063123703003e-01
4.025337696075439453e-01
-2.070016264915466309e-01
-3.384057283401489258e-01
5.359754562377929688e-01
3.088482618331909180e-01
-2.277084589004516602e-01
-2.487370371818542480e-01
3.317155689001083374e-02
6.926667690277099609e-02
-6.762504577636718750e-02
-9.784593433141708374e-02
-1.208930984139442444e-01
4.109579324722290039e-02
4.443181678652763367e-02
-4.991717264056205750e-02
9.689421206712722778e-02
-1.983519829809665680e-02
2.890665270388126373e-02
-9.112146496772766113e-02
1.021326780319213867e-01
-1.376395374536514282e-01
-8.830482512712478638e-02
-8.786750584840774536e-02
-1.320128589868545532e-01
-1.588114909827709198e-02
2.960466593503952026e-02
-3.218942508101463318e-02
1.517888009548187256e-01
1.419785246253013611e-02
7.905778475105762482e-03
-1.983043923974037170e-02
-8.253623545169830322e-02
-7.625261694192886353e-02
-7.364371418952941895e-02
9.368568658828735352e-02
3.177899122238159180e-02
-1.092292964458465576e-01
3.140499442815780640e-02
-8.088084310293197632e-02
-1.693361550569534302e-01
-1.092125698924064636e-01
5.739488080143928528e-02
-3.358850628137588501e-02
4.949176311492919922e-01
-1.278475373983383179e-01
-5.130139179527759552e-03
2.860617078840732574e-02
-4.063726589083671570e-02
-1.343722790479660034e-01
-2.029266022145748138e-02
-4.882985353469848633e-02
-8.074848353862762451e-02
7.131492020562291145e-04
-6.815497577190399170e-02
-4.154390841722488403e-02
-1.362212300300598145e-01
-2.397104725241661072e-02
-3.476009890437126160e-02
1.966885058209300041e-03
8.910032361745834351e-02
-3.205145895481109619e-02
9.184845723211765289e-03
5.555302649736404419e-02
1.846184954047203064e-02
-1.220259070396423340e-01
-1.012867838144302368e-01
8.931322395801544189e-02
1.288811862468719482e-01
-9.008576720952987671e-02
6.082097440958023071e-02
-7.528991252183914185e-02
-3.353765606880187988e-02
5.323755368590354919e-02
-8.162105083465576172e-02
4.926623404026031494e-02
7.729741930961608887e-02
-1.166413798928260803e-01
-1.329460442066192627e-01
-3.159266710281372070e-02
1.017934083938598633e-01
9.301132708787918091e-02
-4.861534759402275085e-02
-1.408935636281967163e-01
1.307089328765869141e-01
-7.400608062744140625e-02
6.619483232498168945e-02
-7.044289261102676392e-02
-1.104711964726448059e-01
6.545338034629821777e-02
-1.278718858957290649e-01
1.273470744490623474e-02
-1.217249110341072083e-01
-1.213987395167350769e-01
2.122867666184902191e-02
1.201069131493568420e-01
-1.744444482028484344e-02
5.732979997992515564e-02
1.397369801998138428e-01
2.739483676850795746e-02
4.734394315164536238e-04
-1.555992066860198975e-01
-1.301339119672775269e-01
7.041478529572486877e-03
9.866652637720108032e-02
-2.687037363648414612e-02
8.192724734544754028e-02
-1.378610879182815552e-01
-1.503852196037769318e-02
-2.112256139516830444e-01
6.956474483013153076e-02
2.045076340436935425e-02
1.695630326867103577e-02
-1.902151107788085938e-01
-1.467565000057220459e-01
8.141325786709785461e-03
-1.781925261020660400e-01
-1.547630727291107178e-01
-1.484768837690353394e-01
-3.750844299793243408e-02
1.565416157245635986e-01
1.224198937416076660e-01
7.392915431410074234e-03
-9.390604682266712189e-03
7.997039705514907837e-02
-4.866949468851089478e-02
1.390896141529083252e-01
-5.358697474002838135e-02
3.878076374530792236e-01
2.926422357559204102e-01
-4.328925907611846924e-02
-4.861181136220693588e-03
2.338116168975830078e-01
2.095513343811035156e-01
-7.156371325254440308e-02
4.145297035574913025e-02
2.491843551397323608e-01
4.800267051905393600e-03
1.180047094821929932e-01
-5.737814307212829590e-02
-3.281322424300014973e-04
8.735330402851104736e-02
-1.385091692209243774e-01
-1.615095138549804688e-01
1.384548842906951904e-01
1.129553392529487610e-01
-1.332758963108062744e-01
1.078925058245658875e-01
-3.334000706672668457e-02
-1.127584800124168396e-01
1.045310199260711670e-01
-4.140404611825942993e-02
3.504644706845283508e-02
1.477655619382858276e-01
1.238915696740150452e-02
1.876294799149036407e-02
-5.007833987474441528e-02
-1.470046937465667725e-01
-1.140308827161788940e-01
8.343244343996047974e-02
-5.912607908248901367e-02
8.830933272838592529e-02
-1.179832592606544495e-02
4.243671894073486328e-02
-4.103563353419303894e-02
-3.858252987265586853e-02
-5.287117138504981995e-02
-6.813373765908181667e-04
7.227895781397819519e-03
-5.125939473509788513e-02
-1.178416460752487183e-01
-1.552051752805709839e-01
-2.630958557128906250e-01
-2.789843380451202393e-01
-3.193068802356719971e-01
-4.074469506740570068e-01
2.065283358097076416e-01
1.227883175015449524e-01
-1.242796704173088074e-01
-2.847549505531787872e-02
2.309342026710510254e-01
3.541520535945892334e-01
-3.133549541234970093e-02
-1.177987921983003616e-02
1.332331597805023193e-01
-1.469016522169113159e-01
-9.063392877578735352e-02
-1.019225940108299255e-01
1.304828077554702759e-01
6.233859341591596603e-03
-1.190814673900604248e-01
-1.076083332300186157e-01
1.291628926992416382e-01
-1.255501061677932739e-01
-3.711909800767898560e-02
-4.709793627262115479e-02
-4.090956598520278931e-02
1.318044960498809814e-01
-4.444567114114761353e-02
1.326699405908584595e-01
1.239204555749893188e-01
-4.744749888777732849e-02
-5.427071079611778259e-02
-1.336469352245330811e-01
-7.538694143295288086e-02
-1.722275465726852417e-01
-4.840793460607528687e-02
-7.260379940271377563e-02
-8.747615665197372437e-02
1.638094708323478699e-02
-1.119358167052268982e-01
3.007043153047561646e-02
5.583884194493293762e-02
5.072220042347908020e-02
2.482367493212223053e-02
1.637695580720901489e-01
-3.153021633625030518e-02
1.054577082395553589e-01
-1.114519760012626648e-01
2.491152100265026093e-02
9.899576008319854736e-02
-8.080738782882690430e-02
-1.693282648921012878e-02
1.081971451640129089e-01
-4.793905094265937805e-02
8.063651621341705322e-02
-9.419660270214080811e-02
-2.195339463651180267e-02
1.283052697544917464e-04
3.267358755692839622e-03
6.344393640756607056e-02
-1.212484985589981079e-01
1.111793667078018188e-01
4.681145399808883667e-02
4.633415117859840393e-02
-1.639887988567352295e-01
-8.577304892241954803e-03
-2.647831477224826813e-02
7.953380048274993896e-02
-4.612266551703214645e-03
2.125542312860488892e-01
5.038489401340484619e-02
1.231955960392951965e-01
-5.147710442543029785e-02
1.353780478239059448e-01
-1.684885844588279724e-02
-7.887668162584304810e-02
-5.815187841653823853e-02
-1.330967098474502563e-01
-1.541039496660232544e-01
-1.597697585821151733e-01
-2.229850888252258301e-01
3.977702930569648743e-03
-1.981650143861770630e-01
-1.585227847099304199e-01
-1.472124904394149780e-01
-9.466631710529327393e-02
-3.280816599726676941e-02
-1.770708262920379639e-01
-3.168703317642211914e-01
1.137357652187347412e-01
-6.533683091402053833e-02
1.943915188312530518e-01
2.390836551785469055e-02
4.454234838485717773e-01
4.237237274646759033e-01
-4.412670060992240906e-02
1.574887335300445557e-01
-6.228275597095489502e-02
-5.520185455679893494e-02
-1.174847930669784546e-01
3.293780982494354248e-02
-2.655619569122791290e-02
-8.757717907428741455e-02
-6.375484168529510498e-02
-9.227869659662246704e-02
-7.417360693216323853e-02
-7.605107128620147705e-02
-1.112351939082145691e-01
1.974687166512012482e-02
9.595575183629989624e-02
-1.355906575918197632e-01
2.476119622588157654e-02
5.371552705764770508e-02
-7.552536576986312866e-02
-1.460608690977096558e-01
-2.403523959219455719e-02
-2.616162970662117004e-02
1.423808485269546509e-01
-1.987361460924148560e-01
-3.130770474672317505e-02
-6.712331622838973999e-02
-5.160605162382125854e-02
-3.291524201631546021e-02
-1.925056986510753632e-02
1.630946435034275055e-02
5.729491263628005981e-02
2.296437323093414307e-01
-1.524531990289688110e-01
-6.427086889743804932e-02
-1.479211896657943726e-01
-4.595986008644104004e-02
-2.111306935548782349e-01
2.482729963958263397e-02
-1.775960773229598999e-01
2.522975392639636993e-02
-4.553645476698875427e-02
-4.189627990126609802e-02
-1.947860419750213623e-01
-1.885479986667633057e-01
1.075659319758415222e-01
7.904876768589019775e-02
2.495985329151153564e-01
2.485623359680175781e-01
2.430050373077392578e-01
4.330976679921150208e-02
-1.711400225758552551e-02
-3.080262616276741028e-02
-8.887210488319396973e-02
-8.673103153705596924e-02
-1.243757754564285278e-01
-5.855835974216461182e-02
9.757268242537975311e-03
-2.989608608186244965e-02
-9.870303422212600708e-02
1.159117221832275391e-01
1.190303638577461243e-01
-6.789870560169219971e-02
1.041740402579307556e-01
-1.078569144010543823e-01
-3.983491286635398865e-02
1.105243563652038574e-01
6.394546478986740112e-02
3.328384831547737122e-03
-7.387950271368026733e-02
9.363886713981628418e-02
-1.320791840553283691e-01
9.420160949230194092e-02
-1.243066415190696716e-01
8.297701179981231689e-02
8.837480843067169189e-02
-2.217201702296733856e-02
4.619513079524040222e-02
7.377467304468154907e-02
-2.122737467288970947e-02
6.639887392520904541e-02
-1.043889597058296204e-01
-3.444839268922805786e-02
6.678095459938049316e-02
1.204795688390731812e-01
5.730798467993736267e-02
-3.387258201837539673e-02
-1.311025619506835938e-01
1.821503043174743652e-02
-7.206087559461593628e-02
1.189356520771980286e-01
4.347595945000648499e-02
1.582579500973224640e-02
1.210129633545875549e-01
-7.346278429031372070e-02
8.896192163228988647e-02
-1.132914498448371887e-01
-1.323713958263397217e-01
-9.444713592529296875e-02
-1.465597003698348999e-01
3.927385434508323669e-02
-3.925232589244842529e-02
-6.043180823326110840e-02
-1.101672090590000153e-02
3.496323525905609131e-02
2.473024092614650726e-02
5.185290426015853882e-02
-6.087050307542085648e-03
1.857031583786010742e-01
-7.677593827247619629e-02
-6.152461469173431396e-02
8.716952800750732422e-02
-1.099784579128026962e-02
1.007209196686744690e-01
1.233706772327423096e-01
-7.123735547065734863e-02
-2.544186078011989594e-02
-9.700179845094680786e-02
-2.814266271889209747e-02
5.664902925491333008e-02
-1.377300471067428589e-01
2.670504711568355560e-02
-1.163963824510574341e-01
6.164895370602607727e-02
-5.005955323576927185e-02
-2.637578547000885010e-02
2.135887369513511658e-02
-1.886846721172332764e-01
3.744495511054992676e-01
-1.132245883345603943e-01
2.292235940694808960e-01
-1.031970158219337463e-01
1.225636899471282959e-01
4.761115461587905884e-02
-1.553209573030471802e-01
3.670307993888854980e-02
-9.704259783029556274e-02
1.271279454231262207e-01
4.999361932277679443e-02
-1.186418160796165466e-01
-2.753340080380439758e-02
1.420138627290725708e-01
-7.077133655548095703e-02
-1.386629343032836914e-01
-9.675854444503784180e-02
-7.740516960620880127e-02
1.376773975789546967e-02
-7.022913545370101929e-02
-1.195441707968711853e-01
-9.693893790245056152e-02
-1.371943056583404541e-01
1.862918287515640259e-01
-3.612766787409782410e-02
-4.685791954398155212e-02
1.259897798299789429e-01
8.011796325445175171e-02
1.212799549102783203e-01
-7.303214818239212036e-02
-1.239083893597126007e-02
-1.224225908517837524e-01
-2.131654471158981323e-01
1.403671056032180786e-01
9.106865525245666504e-02
5.545948073267936707e-02
2.162413671612739563e-02
-1.508147865533828735e-01
-8.887449279427528381e-03
1.063107699155807495e-01
-1.646162010729312897e-02
-2.998490119352936745e-03
-1.130028069019317627e-01
-1.002681255340576172e-02
-1.564298868179321289e-01
-1.312438994646072388e-01
-9.476907551288604736e-02
-6.102385371923446655e-02
-9.993929415941238403e-02
-1.391097307205200195e-01
1.100268214941024780e-02
6.413125246763229370e-02
-5.903460085391998291e-03
1.036000475287437439e-01
1.648654192686080933e-01
-1.116622537374496460e-01
-1.116030067205429077e-01
4.572025313973426819e-02
9.060124307870864868e-02
1.943449862301349640e-02
-9.855221211910247803e-02
1.109299883246421814e-01
-1.405351459980010986e-01
-7.567873597145080566e-02
2.811024710536003113e-02
4.384383931756019592e-02
-1.549287736415863037e-01
-6.448440998792648315e-02
3.085999935865402222e-02
-9.153846651315689087e-02
-1.418018341064453125e-01
1.413281112909317017e-01
1.211260184645652771e-01
-9.097877144813537598e-02
1.077429428696632385e-01
-1.559329964220523834e-02
-1.644908934831619263e-01
-3.271847963333129883e-02
-8.255115151405334473e-02
6.640227138996124268e-02
9.346367418766021729e-02
7.926747202873229980e-02
3.184765949845314026e-02
6.508331745862960815e-02
9.692877531051635742e-02
1.968155615031719208e-02
-4.093173518776893616e-02
-9.499651379883289337e-03
6.051309779286384583e-02
1.219774857163429260e-01
5.621709302067756653e-02
-7.048853486776351929e-02
3.880021721124649048e-02
-1.050229519605636597e-01
-1.213602423667907715e-01
1.099708676338195801e-01
3.465596958994865417e-02
-1.679499894380569458e-01
1.864597387611865997e-02
1.683975011110305786e-01
1.223725900053977966e-01
1.608631610870361328e-01
-3.673023544251918793e-03
1.913518905639648438e-01
2.840431332588195801e-01
-1.716632544994354248e-01
-2.117082327604293823e-01
-1.193090230226516724e-01
5.771008133888244629e-02
2.190529555082321167e-01
5.893210694193840027e-02
-1.670756340026855469e-01
-3.207779824733734131e-01
-2.452510893344879150e-01
-1.815305501222610474e-01
2.312309145927429199e-01
2.281110584735870361e-01
2.573589086532592773e-01
1.772698760032653809e-01
1.478872001171112061e-01
9.341866523027420044e-02
7.184888422489166260e-02
2.580111846327781677e-02
2.032347619533538818e-01
2.632184028625488281e-01
-1.831733435392379761e-01
-1.855175793170928955e-01
3.774052113294601440e-02
6.642201542854309082e-02
-2.593488395214080811e-01
-4.331380426883697510e-01
-2.215840481221675873e-02
3.530621901154518127e-02
6.834976375102996826e-02
-1.632269471883773804e-01
1.798623614013195038e-02
4.311601631343364716e-03
-4.266842082142829895e-02
9.580405056476593018e-02
6.586954928934574127e-03
-1.473715007305145264e-01
8.799776434898376465e-03
6.173574179410934448e-02
-1.183401867747306824e-01
9.343849122524261475e-02
-1.052623763680458069e-01
-1.404815018177032471e-01
2.056338079273700714e-02
3.505121916532516479e-02
1.408442258834838867e-01
-3.712535649538040161e-02
-7.587064802646636963e-02
4.193573445081710815e-02
1.651500016450881958e-01
1.095779836177825928e-01
-1.194394230842590332e-01
-2.827637270092964172e-02
-9.150843322277069092e-02
1.828598678112030029e-01
-1.681483089923858643e-01
5.856990441679954529e-02
5.965516716241836548e-02
-1.253143604844808578e-02
-1.041228920221328735e-01
-1.416979730129241943e-02
2.359271049499511719e-01
1.406957656145095825e-01
-2.529765069484710693e-01
-2.300686389207839966e-01
9.947290271520614624e-02
9.805592894554138184e-02
-3.634413480758666992e-01
-2.856606841087341309e-01
1.326102167367935181e-01
2.857114672660827637e-01
-2.760521769523620605e-01
-2.060221284627914429e-01
-7.732437551021575928e-02
-8.722180873155593872e-02
-8.730556815862655640e-02
1.085831001400947571e-01
8.806792646646499634e-02
6.639377027750015259e-02
7.212121784687042236e-02
-3.308060020208358765e-02
-2.556442841887474060e-02
-2.417392283678054810e-02
7.742305099964141846e-02
5.380992591381072998e-02
4.901108797639608383e-03
-1.216135025024414062e-01
6.767240166664123535e-02
4.138598218560218811e-03
-1.326426863670349121e-01
-5.155426263809204102e-02
-1.374265998601913452e-01
-2.317151799798011780e-02
-4.810244590044021606e-02
9.683600068092346191e-02
-5.109525471925735474e-02
-1.688751876354217529e-01
3.617349267005920410e-02
6.367079913616180420e-02
-9.409930557012557983e-02
7.893371582031250000e-02
-1.662094146013259888e-01
3.522099554538726807e-02
-3.999381512403488159e-02
-1.150210499763488770e-01
1.883017644286155701e-02
1.070248335599899292e-01
-6.598291546106338501e-02
-8.066181838512420654e-02
-1.479447633028030396e-01
6.543028354644775391e-02
6.557378172874450684e-02
2.803172683343291283e-03
-8.353936672210693359e-02
1.194567084312438965e-01
1.208538003265857697e-02
-1.153060421347618103e-01
7.339469343423843384e-02
-4.660918191075325012e-02
-1.159150749444961548e-01
5.299499258399009705e-02
-1.548646837472915649e-01
-7.238026242703199387e-03
-2.949859499931335449e-01
6.372129172086715698e-02
1.244864910840988159e-01
3.512932062149047852e-01
-3.076798021793365479e-01
-4.537744820117950439e-02
4.643251299858093262e-01
3.959113359451293945e-02
-3.884957134723663330e-01
-1.014119535684585571e-01
3.693462014198303223e-01
1.289858520030975342e-01
-3.249411582946777344e-01
-3.871870636940002441e-01
-9.295262396335601807e-02
3.972202166914939880e-02
-2.529751658439636230e-01
6.499817129224538803e-03
1.012132540345191956e-01
3.681526333093643188e-02
-2.349136471748352051e-01
-4.153392836451530457e-02
1.578345298767089844e-01
1.288887262344360352e-01
-1.370974779129028320e-01
-1.225008293986320496e-01
6.968331523239612579e-03
9.245573729276657104e-02
-4.136145412921905518e-01
-3.442470133304595947e-01
-2.100441306829452515e-01
-1.468514949083328247e-01
-1.366583257913589478e-01
7.161702960729598999e-02
4.813385754823684692e-02
5.545883625745773315e-02
1.096619442105293274e-01
1.090068817138671875e-01
-1.386080831289291382e-01
-1.481684893369674683e-01
7.290907204151153564e-02
1.109040752053260803e-01
8.275461196899414062e-02
6.826152652502059937e-02
4.867252334952354431e-02
1.141486987471580505e-01
-1.126266364008188248e-02
1.247463449835777283e-01
-2.062242776155471802e-01
-1.234660819172859192e-01
-1.458226591348648071e-01
-3.489026054739952087e-02
9.036891162395477295e-02
-1.389963626861572266e-01
-1.702786050736904144e-02
-1.733665019273757935e-01
6.734735518693923950e-02
4.928136989474296570e-02
9.724751859903335571e-02
-4.669512063264846802e-02
6.446810811758041382e-02
1.513204872608184814e-01
1.938229985535144806e-02
8.074956946074962616e-03
-8.534697443246841431e-02
-1.136795654892921448e-01
-3.927908092737197876e-02
-6.487202644348144531e-02
-1.733948290348052979e-01
-1.889422386884689331e-01
-1.040043309330940247e-01
6.109256669878959656e-02
-1.316472589969635010e-01
-2.063394188880920410e-01
-1.779947429895401001e-01
-8.917000889778137207e-02
1.958457566797733307e-02
3.933542221784591675e-02
1.220539584755897522e-02
1.523422151803970337e-01
-1.587801612913608551e-02
1.390857249498367310e-01
-6.793895363807678223e-02
1.486220508813858032e-01
-4.228061065077781677e-02
1.076900959014892578e-01
1.322667393833398819e-02
5.630803853273391724e-02
-1.286087632179260254e-01
-7.375044375658035278e-02
1.365879625082015991e-01
-5.603995174169540405e-02
5.778569355607032776e-02
-2.451081573963165283e-02
-7.335074245929718018e-02
-1.333618313074111938e-01
5.377651378512382507e-02
1.606945507228374481e-02
-1.285030990839004517e-01
3.552433475852012634e-02
-6.697449833154678345e-02
9.796353429555892944e-02
1.568697951734066010e-02
1.077451482415199280e-01
-1.586041897535324097e-01
-1.361826211214065552e-01
-1.394680589437484741e-01
-1.389207988977432251e-01
-4.750403761863708496e-02
4.818722140043973923e-03
-1.132494434714317322e-01
3.303370624780654907e-02
2.194711938500404358e-02
-1.267061103135347366e-02
7.763277273625135422e-03
1.275875717401504517e-01
7.881514728069305420e-02
-1.141788139939308167e-01
1.304245293140411377e-01
-1.175457164645195007e-01
7.412951439619064331e-02
-1.069121137261390686e-01
3.258114308118820190e-02
-3.569110482931137085e-02
-8.014677464962005615e-02
-4.521171003580093384e-02
-1.059170588850975037e-01
1.809255592525005341e-02
5.429683625698089600e-02
4.716599285602569580e-01
1.068872883915901184e-01
-2.155758847948163748e-04
-1.199377402663230896e-01
-1.177129819989204407e-01
2.498998790979385376e-01
3.392398059368133545e-01
-4.509494006633758545e-01
-4.737980365753173828e-01
-1.897287517786026001e-01
2.310685664415359497e-01
-5.032899975776672363e-01
-4.676283895969390869e-01
-5.205797553062438965e-01
-3.502726256847381592e-01
2.843872010707855225e-01
2.621361017227172852e-01
1.065749377012252808e-01
1.585592031478881836e-01
-1.439302414655685425e-01
-1.424523591995239258e-01
-7.270037382841110229e-02
-4.938064143061637878e-02
3.974312450736761093e-03
-2.294424623250961304e-01
-1.260949373245239258e-01
-1.734791249036788940e-01
-2.271804511547088623e-01
-1.367334276437759399e-01
-1.659461706876754761e-01
-2.929970026016235352e-01
2.808748558163642883e-02
6.112927198410034180e-02
1.701249182224273682e-02
-1.302735507488250732e-01
-1.047382727265357971e-01
1.501486152410507202e-01
9.425882250070571899e-02
-5.824929103255271912e-02
-7.536585628986358643e-02
3.843524679541587830e-02
-7.221065461635589600e-02
-3.740294650197029114e-02
2.505905739963054657e-02
-8.117090910673141479e-02
7.370846718549728394e-02
3.448163717985153198e-02
3.591052442789077759e-02
-1.762761324644088745e-01
-1.347649190574884415e-02
9.115108847618103027e-02
-3.482161089777946472e-02
1.169263571500778198e-01
-6.305889785289764404e-02
-9.277146309614181519e-02
-4.489608574658632278e-03
8.766559883952140808e-03
-1.938363164663314819e-01
1.009650900959968567e-02
1.082598641514778137e-01
-1.861749738454818726e-01
-1.516252905130386353e-01
-4.557974264025688171e-02
-2.641738764941692352e-02
-1.237783953547477722e-01
-1.644457727670669556e-01
-2.046465128660202026e-01
1.348045170307159424e-01
7.029458880424499512e-02
-7.914231717586517334e-02
-1.804349720478057861e-01
1.023052260279655457e-01
3.063457831740379333e-02
2.283580899238586426e-01
-4.655319452285766602e-02
2.376553416252136230e-01
-2.336092740297317505e-01
3.692201375961303711e-01
9.528640657663345337e-02
-2.146741608157753944e-03
1.050963550806045532e-01
1.099742501974105835e-01
-1.702288538217544556e-01
-1.013885959982872009e-01
1.015855073928833008e-01
-9.637994319200515747e-02
-6.939437985420227051e-02
2.355153113603591919e-02
-7.852111756801605225e-02
1.345131173729896545e-02
1.112435087561607361e-01
4.012087360024452209e-02
-5.216988176107406616e-02
-7.117214798927307129e-02
5.615131929516792297e-02
1.375775933265686035e-01
-1.324651092290878296e-01
1.308810524642467499e-02
-5.186290945857763290e-03
1.486186236143112183e-01
6.353724002838134766e-02
-1.790324039757251740e-02
-7.957066991366446018e-04
-7.971931248903274536e-02
3.831996023654937744e-02
-4.357638955116271973e-02
-9.329087287187576294e-02
-2.528996020555496216e-02
8.355928957462310791e-02
-2.638999186456203461e-02
1.305996328592300415e-01
2.088021300733089447e-02
-1.791241765022277832e-01
3.832509368658065796e-02
-7.294823974370956421e-02
-6.169488653540611267e-02
9.650252759456634521e-02
6.506233662366867065e-02
9.095975011587142944e-02
-4.183426499366760254e-02
-6.261295080184936523e-02
-5.823511257767677307e-02
-1.186547521501779556e-02
8.288358151912689209e-02
1.118920519948005676e-01
1.127005591988563538e-01
-2.268319390714168549e-02
-2.537656761705875397e-02
-1.235662549734115601e-01
-1.248709261417388916e-01
-9.859567135572433472e-02
-7.056882977485656738e-02
-4.719912633299827576e-02
-1.091975048184394836e-01
-2.052327692508697510e-01
1.058898791670799255e-01
2.163435891270637512e-02
-1.244044676423072815e-02
7.778874784708023071e-02
1.125504728406667709e-02
4.633304849267005920e-02
-3.395002335309982300e-02
-2.374314516782760620e-02
-3.019464313983917236e-01
-1.833324283361434937e-01
-1.212445497512817383e-01
-8.705315738916397095e-02
-1.208176240324974060e-01
3.268954902887344360e-02
-2.298994064331054688e-01
-1.510423421859741211e-01
-1.274646371603012085e-01
2.133074589073657990e-02
-1.192540209740400314e-02
3.656247258186340332e-01
-8.327775448560714722e-02
1.938770860433578491e-01
2.811368107795715332e-01
3.872557580471038818e-01
