4.409401416778564453e-01
-8.364950120449066162e-02
3.447372317314147949e-01
-6.101496890187263489e-02
3.984651863574981689e-01
5.606740713119506836e-02
3.289096951484680176e-01
2.853052914142608643e-01
1.232359707355499268e-01
3.779112696647644043e-01
5.611525774002075195e-01
1.779136210680007935e-01
4.841308295726776123e-01
1.213244497776031494e-01
3.483089804649353027e-01
-7.563656568527221680e-02
6.507365405559539795e-02
4.441457986831665039e-01
4.856695830821990967e-01
-9.072952717542648315e-02
5.718290805816650391e-01
3.534463942050933838e-01
5.345063209533691406e-01
4.662581905722618103e-02
-8.094079792499542236e-02
5.951723828911781311e-02
3.972796797752380371e-01
4.986368417739868164e-01
1.774944663047790527e-01
-5.578179284930229187e-02
6.890997886657714844e-01
1.099844574928283691e-01
