0.000000000000000000e+00
0.000000000000000000e+00
0.000000000000000000e+00
0.000000000000000000e+00
0.000000000000000000e+00
3.707546234130859375e+00
0.000000000000000000e+00
0.000000000000000000e+00
0.000000000000000000e+00
0.000000000000000000e+00
0.000000000000000000e+00
4.749050140380859375e+00
0.000000000000000000e+00
1.839051127433776855e+00
0.000000000000000000e+00
0.000000000000000000e+00
4.015983581542968750e+00
0.000000000000000000e+00
0.000000000000000000e+00
3.990391969680786133e+00
0.000000000000000000e+00
0.000000000000000000e+00
0.000000000000000000e+00
0.000000000000000000e+00
0.000000000000000000e+00
2.926137924194335938e+00
0.000000000000000000e+00
0.000000000000000000e+00
0.000000000000000000e+00
3.726775646209716797e+00
0.000000000000000000e+00
0.000000000000000000e+00
