1.256617546081542969e+00
1.505909204483032227e+00
6.269141435623168945e-01
0.000000000000000000e+00
0.000000000000000000e+00
1.623967528343200684e+00
1.900919437408447266e+00
1.336538076400756836e+00
0.000000000000000000e+00
0.000000000000000000e+00
1.853334546089172363e+00
1.977786302566528320e+00
0.000000000000000000e+00
0.000000000000000000e+00
0.000000000000000000e+00
2.257843494415283203e+00
2.306919097900390625e-01
6.832342147827148438e-01
3.247477114200592041e-02
0.000000000000000000e+00
3.242073953151702881e-02
1.663666486740112305e+00
1.420038461685180664e+00
1.711758375167846680e-01
8.677457273006439209e-02
7.586772739887237549e-02
1.244265675544738770e+00
2.429665327072143555e+00
0.000000000000000000e+00
3.745320439338684082e-02
1.113925874233245850e-02
2.084338665008544922e+00
1.244160532951354980e+00
1.606712102890014648e+00
7.713121771812438965e-01
0.000000000000000000e+00
0.000000000000000000e+00
1.223679661750793457e+00
1.481795549392700195e+00
1.163536906242370605e+00
0.000000000000000000e+00
0.000000000000000000e+00
8.518307209014892578e-01
1.648946046829223633e+00
0.000000000000000000e+00
0.000000000000000000e+00
0.000000000000000000e+00
5.762467384338378906e-01
1.384447336196899414e+00
1.027864456176757812e+00
3.633539974689483643e-01
0.000000000000000000e+00
0.000000000000000000e+00
4.484689533710479736e-01
6.617668867111206055e-01
6.304510831832885742e-01
0.000000000000000000e+00
2.273532748222351074e-02
3.292780816555023193e-01
6.388585567474365234e-01
0.000000000000000000e+00
0.000000000000000000e+00
0.000000000000000000e+00
3.354349732398986816e-02
0.000000000000000000e+00
0.000000000000000000e+00
0.000000000000000000e+00
0.000000000000000000e+00
7.365102767944335938e-01
1.124862909317016602e+00
0.000000000000000000e+00
0.000000000000000000e+00
0.000000000000000000e+00
1.049487352371215820e+00
1.090027451515197754e+00
5.723417997360229492e-01
0.000000000000000000e+00
0.000000000000000000e+00
1.028501152992248535e+00
1.958974838256835938e+00
2.388626098632812500e+00
0.000000000000000000e+00
0.000000000000000000e+00
0.000000000000000000e+00
2.822253227233886719e+00
1.766823410987854004e+00
0.000000000000000000e+00
0.000000000000000000e+00
1.012734770774841309e+00
2.019273519515991211e+00
1.561493515968322754e+00
0.000000000000000000e+00
0.000000000000000000e+00
8.045762777328491211e-01
1.639526844024658203e+00
1.139303922653198242e+00
2.301357537508010864e-01
1.530772261321544647e-02
8.706470020115375519e-03
8.706470020115375519e-03
2.760641574859619141e+00
1.672229290008544922e+00
8.706470020115375519e-03
8.706470020115375519e-03
8.555473685264587402e-01
2.595892190933227539e+00
2.098504543304443359e+00
8.706470020115375519e-03
9.865266270935535431e-03
4.621960818767547607e-01
2.580178022384643555e+00
2.350567579269409180e+00
2.223721027374267578e+00
2.340119361877441406e+00
8.824167400598526001e-02
0.000000000000000000e+00
0.000000000000000000e+00
1.694110393524169922e+00
1.572982430458068848e+00
1.876118183135986328e-01
0.000000000000000000e+00
0.000000000000000000e+00
1.468160867691040039e+00
1.559036493301391602e+00
0.000000000000000000e+00
0.000000000000000000e+00
0.000000000000000000e+00
1.118322685360908508e-01
